precision:0.08	0.09	0.1	0.11	0.108	0.1	0.102857142857143	0.095	0.0866666666666667	0.088	0.0818181818181818	0.0783333333333333	0.0753846153846154	0.0742857142857143	0.072	0.06875	

MAP:	0.0729155257651954

NDCG:	0.08	0.09	0.0971943739970439	0.10403030283801	0.108912058775615	0.106254054506829	0.109814454175883	0.107384801625546	0.10457231675264	0.114770472052818	0.113467770796017	0.11452349054289	0.115370930947485	0.117031210908095	0.118317754888178	0.1186072431428	