precision:0.22	0.19	0.166666666666667	0.16	0.144	0.133333333333333	0.128571428571429	0.125	0.12	0.12	0.114545454545454	0.11	0.106153846153846	0.1	0.1	0.095	

MAP:	0.142546226910925

NDCG:	0.22	0.19	0.18583172241166	0.188547743594524	0.183372232931367	0.187037702927114	0.189572008493405	0.190476531638491	0.190979022218488	0.195209066945413	0.196173567702464	0.197386835187945	0.198278875253797	0.197703716257441	0.201493127735706	0.201595457008781	