precision:0.06	0.04	0.0466666666666667	0.045	0.052	0.0433333333333333	0.04	0.0425	0.0422222222222222	0.038	0.0345454545454545	0.0316666666666667	0.0307692307692308	0.0357142857142857	0.0346666666666667	0.03375	

MAP:	0.0401500061765587

NDCG:	0.06	0.04	0.0447962493313626	0.0440303028380101	0.0490987177833094	0.0448707094985396	0.0433046284669143	0.0449317969597288	0.0449963266369606	0.0429185784963747	0.0413342693703001	0.0402018596591185	0.04018688221529	0.0445566119016067	0.0449988540608485	0.0453382012821447	