precision:0.2	0.15	0.133333333333333	0.12	0.108	0.0966666666666667	0.0914285714285714	0.0875	0.0822222222222222	0.084	0.08	0.08	0.0784615384615385	0.0757142857142857	0.076	0.075	

MAP:	0.0885881530382121

NDCG:	0.2	0.15	0.138009376671593	0.131173447830627	0.125177915203274	0.118948008200975	0.116121253953139	0.114543063876161	0.11216075326755	0.114532494797898	0.11358184145911	0.115067094339381	0.116465756516136	0.117571086407376	0.120833470395854	0.122529132785817	