precision:0.12	0.11	0.113333333333333	0.12	0.108	0.11	0.111428571428571	0.105	0.104444444444444	0.094	0.0872727272727273	0.0866666666666667	0.0815384615384615	0.0814285714285714	0.0786666666666667	0.07625	

MAP:	0.101738718090555

NDCG:	0.12	0.13	0.137194373997044	0.14403030283801	0.138706070562477	0.141854189692906	0.144579751507975	0.143141616885867	0.145542552956227	0.141243965619667	0.1407439808102	0.142879682334101	0.142802627318785	0.144930965699388	0.147065423115654	0.147816628652382	