precision:0.2	0.21	0.166666666666667	0.16	0.148	0.15	0.142857142857143	0.1325	0.133333333333333	0.128	0.125454545454545	0.118333333333333	0.115384615384615	0.111428571428571	0.112	0.11	

MAP:	0.111619105070674

NDCG:	0.2	0.21	0.181222504011824	0.179271355848553	0.173965444971894	0.177165134365402	0.174637838400937	0.170906416622446	0.173430986587996	0.173153407104571	0.178820766788072	0.176976673293326	0.180659297431318	0.18338208074575	0.187528496560348	0.189941578272916	