precision:0.12	0.11	0.113333333333333	0.12	0.112	0.106666666666667	0.114285714285714	0.1075	0.104444444444444	0.098	0.0890909090909091	0.0883333333333333	0.0815384615384615	0.0814285714285714	0.0786666666666667	0.075	

MAP:	0.101563045262878

NDCG:	0.12	0.13	0.137194373997044	0.14403030283801	0.141124510560549	0.14011665590533	0.146887330400742	0.144729755435916	0.144618367871434	0.145522285031133	0.142049119165197	0.145855578102874	0.143610382801423	0.146845601909437	0.149014043905669	0.149067275471781	