precision:0.26	0.19	0.14	0.125	0.112	0.106666666666667	0.0971428571428572	0.0875	0.0866666666666667	0.086	0.0854545454545454	0.08	0.0753846153846154	0.0742857142857143	0.072	0.07	

MAP:	0.107887978018928

NDCG:	0.26	0.19	0.156426254680462	0.15581818297194	0.150227189287197	0.15066363783904	0.147158389272284	0.143874617086503	0.148095933283283	0.150458045696464	0.15688685485287	0.155586459314035	0.154876828977296	0.158123116632008	0.159585488426828	0.161116757032481	