precision:0.12	0.13	0.16	0.145	0.148	0.14	0.128571428571429	0.12	0.115555555555556	0.11	0.101818181818182	0.1	0.0984615384615385	0.0957142857142858	0.0906666666666667	0.09	

MAP:	0.125503591186748

NDCG:	0.12	0.14	0.175714765266913	0.173864975763025	0.183037886817753	0.184353254038791	0.184419899904333	0.184749614153496	0.185734688372971	0.185705224280092	0.183826096642105	0.187471948216426	0.189532176376906	0.190851118400824	0.191033880978444	0.193860055581905	