precision:0.16	0.12	0.113333333333333	0.1	0.084	0.08	0.08	0.0775	0.0777777777777778	0.076	0.0745454545454545	0.0733333333333333	0.0692307692307692	0.0671428571428571	0.0626666666666667	0.0625	

MAP:	0.0733110097914506

NDCG:	0.16	0.12	0.115203750668637	0.107601875334319	0.0987005504295035	0.0967911504471401	0.0967638244346987	0.095876457886788	0.0995123488227447	0.0995376587301542	0.100308538500722	0.100722041340334	0.100238118960194	0.100847569850414	0.0996682215692112	0.101747604863848	