precision:0.12	0.11	0.113333333333333	0.125	0.116	0.11	0.0971428571428571	0.0975	0.0977777777777778	0.098	0.0927272727272727	0.0883333333333333	0.0861538461538462	0.0842857142857143	0.08	0.0775	

MAP:	0.10604649493206

NDCG:	0.12	0.11	0.122618595071429	0.141419532738588	0.139821114704714	0.141488935996292	0.136682904328404	0.141744917030464	0.14531710555916	0.149765424917874	0.149237226285439	0.150531119106557	0.153542826059092	0.155020721428004	0.155202289302246	0.15673900039287	