precision:0.24	0.21	0.186666666666667	0.155	0.14	0.13	0.122857142857143	0.11	0.0977777777777778	0.1	0.103636363636364	0.103333333333333	0.101538461538462	0.0985714285714286	0.0946666666666667	0.0925	

MAP:	0.140118187070616

NDCG:	0.24	0.22	0.211920549541627	0.201094866501546	0.19788593109869	0.196015051730513	0.200058904479919	0.195403929243136	0.190597396055846	0.193876978049143	0.200397867774704	0.202995242530374	0.204553195872003	0.205674874121945	0.207224836113798	0.209510000847981	