precision:0.14	0.11	0.126666666666667	0.14	0.116	0.113333333333333	0.108571428571429	0.11	0.104444444444444	0.102	0.0945454545454545	0.09	0.0846153846153846	0.0785714285714286	0.0746666666666667	0.07125	

MAP:	0.116855822490485

NDCG:	0.14	0.12	0.138299920864121	0.153170840878894	0.143395946150953	0.146130065228835	0.146367191027247	0.151234859658069	0.151219563866614	0.154696364853774	0.154193721773281	0.154267144862766	0.153588112109777	0.152444137528301	0.152762930089687	0.153019927246354	