precision:0.26	0.16	0.113333333333333	0.115	0.104	0.0933333333333333	0.0914285714285714	0.0825	0.0844444444444444	0.082	0.0781818181818181	0.075	0.0723076923076923	0.0714285714285715	0.068	0.0675	

MAP:	0.0934330361608388

NDCG:	0.26	0.16	0.126426254680462	0.130241053010542	0.125422494413273	0.120030902102655	0.121695281839859	0.117820370942182	0.120674013227126	0.126373842555512	0.127182224725928	0.127153352923735	0.130025441017858	0.133070527242487	0.132925601309118	0.135594682244711	