precision:0.08	0.05	0.06	0.065	0.06	0.0666666666666667	0.0628571428571428	0.065	0.0644444444444445	0.062	0.0581818181818182	0.055	0.0538461538461538	0.05	0.0493333333333333	0.0475	

MAP:	0.0850438980779965

NDCG:	0.08	0.06	0.0711055468670772	0.079140538040884	0.0813139464316296	0.0879075752034619	0.0879659154856763	0.0912673932367448	0.0947397760072343	0.0951541346520861	0.0944667842540116	0.0948451913330999	0.0962705503696236	0.0955887373076879	0.0968576851281836	0.0976469631799304	