precision:0.04	0.05	0.0666666666666667	0.09	0.092	0.0833333333333333	0.0828571428571428	0.08	0.0822222222222223	0.08	0.0781818181818182	0.0766666666666667	0.0769230769230769	0.0742857142857143	0.0706666666666667	0.0675	

MAP:	0.0905368239449992

NDCG:	0.04	0.05	0.0659017961984398	0.0933596574108493	0.100305612215903	0.0999966295113633	0.104036904152303	0.105517024850889	0.110297698768511	0.113701073780741	0.115466855193832	0.117208483182477	0.120138178558577	0.121503464297359	0.123153374031152	0.123744455067343	