precision:0.12	0.12	0.106666666666667	0.1	0.088	0.0966666666666667	0.0885714285714286	0.0875	0.0888888888888889	0.086	0.08	0.0766666666666667	0.0753846153846154	0.0714285714285714	0.0693333333333334	0.06625	

MAP:	0.0918970498831057

NDCG:	0.12	0.13	0.125203750668637	0.124581818297194	0.11907363794923	0.125806709462064	0.122433667597848	0.123537257088664	0.126410052036924	0.129587842315923	0.132820010704273	0.132940690481631	0.134829641167076	0.134576781064885	0.13572735983605	0.136115962839038	