precision:0.18	0.19	0.146666666666667	0.15	0.14	0.133333333333333	0.148571428571429	0.1325	0.131111111111111	0.12	0.112727272727273	0.108333333333333	0.101538461538462	0.101428571428571	0.0986666666666667	0.09875	

MAP:	0.1423365568566

NDCG:	0.18	0.2	0.178416878008868	0.18708766221704	0.186131279057136	0.192014751267778	0.207422849373301	0.201849736002961	0.206112102875229	0.202836693021066	0.20133832974835	0.201899616935837	0.200772307620039	0.206101258723015	0.209004960264862	0.212997129695964	