precision:0.16	0.19	0.16	0.145	0.14	0.126666666666667	0.12	0.1125	0.106666666666667	0.108	0.105454545454545	0.101666666666667	0.1	0.0971428571428572	0.0946666666666667	0.09125	

MAP:	0.139998791407017

NDCG:	0.16	0.19	0.183433597745979	0.17948757248315	0.180509863918653	0.176971855542084	0.177041149296007	0.181816330427805	0.18119070881713	0.185982106777355	0.18924629479835	0.18991722249159	0.191917736190004	0.193460032439088	0.196707375247024	0.198213671244873	