precision:0.3	0.24	0.186666666666667	0.175	0.176	0.166666666666667	0.151428571428571	0.1475	0.142222222222222	0.134	0.129090909090909	0.125	0.118461538461538	0.115714285714286	0.113333333333333	0.11	

MAP:	0.172454571111997

NDCG:	0.3	0.25	0.229044849751891	0.230879705119096	0.237172680971204	0.236539408619376	0.23125415982077	0.233752625027767	0.235436015592125	0.23482213068907	0.235685728342678	0.237337452035249	0.236848861722988	0.240571788285847	0.244407889873609	0.247269615797812	