precision:0.16	0.15	0.14	0.145	0.132	0.12	0.117142857142857	0.11	0.111111111111111	0.1	0.0927272727272727	0.09	0.0830769230769231	0.0814285714285714	0.0786666666666667	0.075	

MAP:	0.114137303460112

NDCG:	0.16	0.17	0.17	0.178193939432398	0.172970841892517	0.168352944361608	0.169063383184638	0.166557023346882	0.16983062091004	0.165194233408244	0.16336026651185	0.163449722033969	0.161070465894837	0.163270113055776	0.165435072914289	0.16548515419457	