precision:0.04	0.06	0.0533333333333333	0.045	0.052	0.0533333333333333	0.06	0.065	0.0688888888888889	0.066	0.0636363636363636	0.0616666666666667	0.0630769230769231	0.0628571428571429	0.0626666666666667	0.06125	

MAP:	0.0849297201564942

NDCG:	0.04	0.08	0.08	0.076806060567602	0.0828015931949558	0.0856626513122157	0.0913015838845264	0.0966149642080684	0.100598931845932	0.100815408659169	0.102404927215449	0.105073856975606	0.108612555632642	0.111107128676577	0.114502139862694	0.117045538738279	