precision:0.1	0.17	0.146666666666667	0.145	0.14	0.133333333333333	0.122857142857143	0.1125	0.106666666666667	0.104	0.0981818181818181	0.0983333333333333	0.0953846153846154	0.0928571428571429	0.0933333333333333	0.08875	

MAP:	0.0938622491221097

NDCG:	0.1	0.17	0.153213127340231	0.153531023857413	0.153715233011408	0.160026349910235	0.156411963077635	0.152925621758496	0.152003070084291	0.152940083260972	0.151430186505736	0.153402566469591	0.1539890682419	0.154987639771598	0.159785975794417	0.15923488263213	