precision:0.34	0.24	0.206666666666667	0.17	0.164	0.146666666666667	0.145714285714286	0.1375	0.131111111111111	0.132	0.127272727272727	0.123333333333333	0.116923076923077	0.115714285714286	0.116	0.11125	

MAP:	0.163398049140439

NDCG:	0.34	0.24	0.228637348414616	0.211323501324116	0.213829840481233	0.207908535711467	0.210315524320459	0.214079823970057	0.213729951362076	0.217770815429059	0.219482149249053	0.222955824123382	0.222335522257794	0.225040851880331	0.231631248017858	0.232721210650131	