precision:0.1	0.11	0.106666666666667	0.1	0.088	0.0866666666666667	0.0771428571428571	0.0825	0.0844444444444445	0.08	0.08	0.075	0.0723076923076923	0.07	0.0653333333333333	0.0625	

MAP:	0.087874411069535

NDCG:	0.1	0.12	0.12	0.118627055271886	0.113689040540089	0.11814588122168	0.114612329381521	0.125901126910873	0.129170638130813	0.128307398039991	0.129918710035422	0.128708315316696	0.129162571834246	0.132025312660767	0.131288739279257	0.131631756754356	