precision:0.32	0.24	0.186666666666667	0.175	0.172	0.166666666666667	0.154285714285714	0.1475	0.144444444444444	0.134	0.129090909090909	0.125	0.118461538461538	0.115714285714286	0.113333333333333	0.11	

MAP:	0.173834522931243

NDCG:	0.32	0.25	0.229044849751891	0.230879705119096	0.234754240973132	0.236317429616836	0.232705531026174	0.233662284800543	0.236718059357896	0.234816208739069	0.235688504307444	0.237347802545119	0.236865888963613	0.240594760655663	0.244436201441953	0.247302757732679	