precision:0.06	0.04	0.04	0.03	0.032	0.0333333333333333	0.0285714285714286	0.0275	0.0244444444444444	0.024	0.0236363636363636	0.0216666666666667	0.02	0.02	0.0186666666666667	0.0175	

MAP:	0.0410751482152945

NDCG:	0.06	0.04	0.0423981246656813	0.037224242270408	0.0387691124453542	0.040216588682456	0.0380093696018938	0.0383957680381282	0.0371741066565694	0.0373905419210204	0.0377004878319133	0.0370630701281503	0.0365601444754001	0.0373805851325406	0.0373439096111873	0.0373107293108732	