precision:0.02	0.03	0.0266666666666667	0.025	0.02	0.0166666666666667	0.0142857142857143	0.0125	0.0111111111111111	0.01	0.0109090909090909	0.0116666666666667	0.0123076923076923	0.0128571428571429	0.0146666666666667	0.01375	

MAP:	0.0170679623662302

NDCG:	0.02	0.03	0.0276018753343187	0.026387878864796	0.0231970037792508	0.0214744391945531	0.0201621218750728	0.0191166511815994	0.0182568172781971	0.0175325929780993	0.0179540672908892	0.0183710688313353	0.0195975989428503	0.0203007066799558	0.0218036206892362	0.021705865637396	