precision:0.02	0.01	0.00666666666666667	0.005	0.004	0.00666666666666667	0.00571428571428571	0.005	0.00444444444444444	0.004	0.00363636363636364	0.00333333333333333	0.00307692307692308	0.00285714285714286	0.00266666666666667	0.0025	

MAP:	0.0133839329436753

NDCG:	0.02	0.01	0.00760187533431869	0.00638787886479598	0.00561544377732289	0.00702477987224618	0.00644348578334888	0.00631430905167987	0.00620806931285877	0.00611858528555323	0.00604180471154412	0.00597494064854085	0.00591600201397763	0.00586352156963911	0.00581638995951157	0.0057737500481862	