precision:0.12	0.07	0.0733333333333333	0.065	0.052	0.0533333333333333	0.0485714285714286	0.045	0.0511111111111111	0.048	0.0436363636363636	0.0416666666666667	0.04	0.0414285714285714	0.044	0.04125	

MAP:	0.0633195260586673

NDCG:	0.12	0.07	0.0747962493313626	0.0714433616403734	0.0644731244542409	0.0653870229189669	0.0627733033459418	0.0609017357303863	0.0671825803798679	0.0665841495041924	0.0650277885901856	0.0648898542789925	0.0647682693857631	0.067019272744757	0.0719931151917602	0.0716546066460288	