precision:0	0	0	0.005	0.004	0.00666666666666667	0.00571428571428571	0.005	0.00444444444444444	0.004	0.00363636363636364	0.00333333333333333	0.00307692307692308	0.00285714285714286	0.00266666666666667	0.0025	

MAP:	0.00989745865578101

NDCG:	0	0	0	0.00319393943239799	0.00280772188866144	0.00449214633118065	0.0041204253440087	0.00382429010867463	0.00358073749938407	0.00337559704457936	0.00319957901827156	0.00319957901827156	0.00319957901827156	0.00319957901827156	0.00319957901827156	0.00319957901827156	