precision:0.14	0.1	0.1	0.12	0.112	0.103333333333333	0.102857142857143	0.1025	0.1	0.096	0.0890909090909091	0.0883333333333333	0.0830769230769231	0.0785714285714286	0.0733333333333334	0.07125	

MAP:	0.114901896427386

NDCG:	0.14	0.11	0.116309297535715	0.134692053500068	0.135440467288026	0.134476671012296	0.137822106077146	0.140819355083582	0.142623492334231	0.145341172539757	0.144075511836061	0.147511539051073	0.146994446883938	0.146856840358605	0.146464925804624	0.147697818274563	