precision:0.2	0.18	0.16	0.145	0.136	0.12	0.117142857142857	0.1175	0.108888888888889	0.1	0.0945454545454545	0.09	0.0846153846153846	0.0828571428571429	0.08	0.08	

MAP:	0.127629049199745

NDCG:	0.2	0.19	0.180407501337275	0.183541704222945	0.181224398960525	0.175008521293998	0.178184629770563	0.183219564867381	0.181144264804746	0.179030516029015	0.178953701310362	0.179840380665138	0.179046961216586	0.181592110399515	0.182633600758767	0.186461268629457	