precision:0.16	0.17	0.153333333333333	0.14	0.136	0.136666666666667	0.128571428571429	0.1225	0.126666666666667	0.124	0.123636363636364	0.121666666666667	0.115384615384615	0.112857142857143	0.113333333333333	0.10875	

MAP:	0.130687066592283

NDCG:	0.16	0.17	0.162805626002956	0.164596752433876	0.171665413420398	0.17666818924007	0.181189331728801	0.18050103152662	0.188141121981004	0.192630702932949	0.197742704354355	0.200443422541246	0.200860832899792	0.202935984489301	0.207727892446675	0.208492206989405	