precision:0.26	0.25	0.22	0.2	0.176	0.16	0.154285714285714	0.1525	0.137777777777778	0.126	0.116363636363636	0.111666666666667	0.106153846153846	0.104285714285714	0.105333333333333	0.1025	

MAP:	0.160436619434089

NDCG:	0.26	0.26	0.254946645950331	0.252055668898433	0.243689283149732	0.238493232803996	0.238744773647203	0.246324398383738	0.241181915845915	0.237547809024402	0.234753681021466	0.234667202593248	0.234266895231549	0.236194526253626	0.240957329066336	0.242799619165291	