precision:0.16	0.15	0.133333333333333	0.145	0.12	0.103333333333333	0.105714285714286	0.105	0.102222222222222	0.1	0.0927272727272727	0.0883333333333333	0.0830769230769231	0.0771428571428572	0.072	0.07	

MAP:	0.122386530193242

NDCG:	0.16	0.16	0.154318674207308	0.166631447824048	0.155513952392466	0.148217586356728	0.152109116137113	0.155123823257486	0.156947210496341	0.160616922143105	0.16012262007001	0.159858417172927	0.159091218629043	0.157984512905614	0.157571271136365	0.159460010065011	