precision:0	0.03	0.0666666666666667	0.07	0.068	0.07	0.0657142857142857	0.0675	0.0666666666666667	0.062	0.0563636363636364	0.0533333333333333	0.0507692307692308	0.0485714285714286	0.048	0.0475	

MAP:	0.0406920247301013

NDCG:	0	0.03	0.0563793713224945	0.0609174606834028	0.0618738438433069	0.0645145526779653	0.0634259581320051	0.0657880094029361	0.0673046110241869	0.0663403168763887	0.064312848463592	0.0647767756027691	0.0647568360484139	0.0660068697771115	0.0670341098154323	0.0682674270368087	