precision:0.6	0.433333333333333	0.422222222222222	0.383333333333333	0.32	0.3	0.266666666666667	0.258333333333333	0.244444444444444	0.226666666666667	0.212121212121212	0.194444444444444	0.184615384615385	0.185714285714286	0.173333333333333	0.1625	

MAP:	0.40989410299831

NDCG:	0.6	0.5	0.513037242900111	0.521030991785715	0.498471099402959	0.501829332586577	0.489047172476464	0.488446812289661	0.490371342449727	0.488173009925045	0.486286760074761	0.48145027719615	0.481071471598274	0.496528081491269	0.496528081491269	0.496528081491269	