precision:0.533333333333333	0.466666666666667	0.333333333333333	0.3	0.24	0.222222222222222	0.219047619047619	0.2	0.2	0.2	0.181818181818182	0.166666666666667	0.169230769230769	0.157142857142857	0.146666666666667	0.141666666666667	

MAP:	0.307245398480325

NDCG:	0.533333333333333	0.466666666666667	0.378735428925019	0.363608464388657	0.329799161479314	0.329577505699912	0.343619092315391	0.349839507082433	0.362466388455836	0.383248683434285	0.381925517403636	0.380773243433574	0.39405946055514	0.39405946055514	0.39405946055514	0.398280516456916	