precision:0.466666666666667	0.433333333333333	0.355555555555556	0.366666666666667	0.346666666666667	0.333333333333333	0.323809523809524	0.3	0.281481481481482	0.273333333333333	0.266666666666667	0.266666666666667	0.266666666666667	0.257142857142857	0.257777777777778	0.25	

MAP:	0.425774553265005

NDCG:	0.466666666666667	0.466666666666667	0.41870417335304	0.434456948083384	0.431269004217037	0.44794365537592	0.460765147457195	0.461713155591483	0.462398591481187	0.469118322163639	0.473289134528677	0.48044237003594	0.487968128335816	0.489418508280511	0.498120860261829	0.499876707582836	