precision:0.133333333333333	0.233333333333333	0.2	0.183333333333333	0.16	0.155555555555556	0.142857142857143	0.133333333333333	0.125925925925926	0.12	0.127272727272727	0.133333333333333	0.123076923076923	0.123809523809524	0.115555555555556	0.108333333333333	

MAP:	0.251627155508797

NDCG:	0.133333333333333	0.266666666666667	0.284747403581284	0.289853713536968	0.290190829322477	0.302856115125983	0.306346203156507	0.315231200885418	0.319765697095253	0.324427769588464	0.357489273763984	0.377948179203666	0.377948179203666	0.390196187322607	0.390196187322607	0.390196187322607	