precision:0.466666666666667	0.466666666666667	0.444444444444444	0.4	0.386666666666667	0.355555555555556	0.352380952380952	0.341666666666667	0.325925925925926	0.306666666666667	0.296969696969697	0.294444444444444	0.282051282051282	0.280952380952381	0.271111111111111	0.2625	

MAP:	0.357752446126381

NDCG:	0.466666666666667	0.466666666666667	0.450679168895458	0.42129292954932	0.417707668839762	0.404517116431733	0.43007741170255	0.435785678404324	0.436959055744053	0.435391363613054	0.436637688393079	0.446734372812025	0.446590837059874	0.453285837673063	0.453064391075341	0.455758215058927	