precision:0.466666666666667	0.433333333333333	0.4	0.35	0.333333333333333	0.333333333333333	0.295238095238095	0.266666666666667	0.251851851851852	0.253333333333333	0.23030303030303	0.216666666666667	0.2	0.19047619047619	0.177777777777778	0.170833333333333	

MAP:	0.413299710674131

NDCG:	0.466666666666667	0.5	0.492006251114396	0.466666666666667	0.472153349701997	0.501851496482652	0.488278917044498	0.477466186139561	0.480036323511562	0.499152928303219	0.494256981236189	0.493187214417759	0.489287306071656	0.496617470663945	0.496617470663945	0.499352966593209	