precision:0.4	0.433333333333333	0.377777777777778	0.333333333333333	0.346666666666667	0.322222222222222	0.285714285714286	0.275	0.251851851851852	0.246666666666667	0.236363636363636	0.222222222222222	0.205128205128205	0.2	0.191111111111111	0.179166666666667	

MAP:	0.340155522762793

NDCG:	0.4	0.433333333333333	0.401358337790916	0.389218373095689	0.405678422201679	0.412140013001741	0.405321688179464	0.421719963137207	0.42246252218239	0.434838810456881	0.442149509225506	0.443099340004958	0.44097964541554	0.449430851134774	0.452875686212358	0.452875686212358	