precision:0.733333333333333	0.5	0.466666666666667	0.4	0.36	0.333333333333333	0.342857142857143	0.333333333333333	0.318518518518519	0.3	0.284848484848485	0.277777777777778	0.266666666666667	0.261904761904762	0.253333333333333	0.245833333333333	

MAP:	0.439739088681913

NDCG:	0.733333333333333	0.533333333333333	0.517345835562125	0.485406441238145	0.4676590003197	0.467163349468076	0.48670489000809	0.494476060480917	0.495356073199147	0.494093350381962	0.493055723990075	0.495231598622266	0.494192624338336	0.497806794551923	0.500091816734915	0.501940949887367	