precision:0.4	0.366666666666667	0.288888888888889	0.216666666666667	0.186666666666667	0.166666666666667	0.180952380952381	0.166666666666667	0.162962962962963	0.146666666666667	0.133333333333333	0.122222222222222	0.123076923076923	0.114285714285714	0.106666666666667	0.108333333333333	

MAP:	0.346700719461626

NDCG:	0.4	0.4	0.391149235386706	0.366869305996252	0.369781205406672	0.375394685308376	0.417202308716305	0.422790416415283	0.434042084021801	0.434042084021801	0.434042084021801	0.434042084021801	0.447235219607715	0.447235219607715	0.447235219607715	0.456430219393945	