precision:0.4	0.5	0.488888888888889	0.433333333333333	0.386666666666667	0.366666666666667	0.361904761904762	0.341666666666667	0.325925925925926	0.32	0.321212121212121	0.316666666666667	0.297435897435897	0.285714285714286	0.271111111111111	0.266666666666667	

MAP:	0.377673299620008

NDCG:	0.4	0.5	0.518080736914617	0.488694497568479	0.468709388810633	0.481422004741386	0.488776604678362	0.486444345054465	0.489750914431841	0.496043773309539	0.509648465519218	0.515500452244393	0.511787975808903	0.511640908185546	0.508672142565815	0.510844435722661	