precision:0.5	0.477272727272727	0.454545454545455	0.454545454545455	0.418181818181818	0.378787878787879	0.402597402597403	0.397727272727273	0.383838383838384	0.377272727272727	0.371900826446281	0.367424242424242	0.36013986013986	0.340909090909091	0.33030303030303	0.321022727272727	

MAP:	0.339098352517503

NDCG:	0.409090909090909	0.401515151515152	0.388106367984653	0.400809249695824	0.380707794690807	0.362836681025855	0.378403438851019	0.379772902988188	0.3773347167578	0.379654665956721	0.390508543220427	0.386917438519823	0.386938962572083	0.381163958683916	0.377330048643409	0.376494763163752	