precision:0.714285714285714	0.595238095238095	0.603174603174603	0.55952380952381	0.514285714285714	0.5	0.476190476190476	0.476190476190476	0.465608465608466	0.461904761904762	0.458874458874459	0.452380952380952	0.435897435897436	0.435374149659864	0.425396825396825	0.419642857142857	

MAP:	0.446976582148181

NDCG:	0.587301587301587	0.503968253968254	0.496605725361083	0.487128102385074	0.466601776174203	0.462385202422425	0.453737267391569	0.45808657290301	0.455096873489363	0.452050046637895	0.452994755411414	0.454746638853574	0.44828691906579	0.452702688326504	0.450519945963148	0.447308345641537	