precision:0.476190476190476	0.547619047619048	0.571428571428571	0.535714285714286	0.552380952380952	0.547619047619048	0.537414965986395	0.511904761904762	0.502645502645503	0.504761904761905	0.493506493506494	0.488095238095238	0.483516483516484	0.482993197278912	0.485714285714286	0.488095238095238	

MAP:	0.44561748998706

NDCG:	0.380952380952381	0.404761904761905	0.445778442929154	0.414233558234756	0.419408799635204	0.418030827333459	0.414181804375827	0.407599837294381	0.401877581738522	0.405703791166897	0.398784030163713	0.39695892354587	0.395156708337401	0.397693099516224	0.402988139888225	0.406880149311412	