precision:0.666666666666667	0.642857142857143	0.603174603174603	0.583333333333333	0.580952380952381	0.579365079365079	0.578231292517007	0.571428571428571	0.571428571428571	0.585714285714286	0.567099567099567	0.55952380952381	0.553113553113553	0.547619047619048	0.546031746031746	0.541666666666667	

MAP:	0.505872084559456

NDCG:	0.571428571428571	0.515873015873016	0.456871536003079	0.444930872599176	0.446920394635761	0.445081264533421	0.44802749007541	0.444299237275313	0.447355721337284	0.457253571163616	0.449943200869859	0.449946582079125	0.446718498158036	0.443952357722701	0.443405149537971	0.447255515768541	