precision:0.666666666666667	0.714285714285714	0.698412698412698	0.678571428571429	0.657142857142857	0.619047619047619	0.585034013605442	0.56547619047619	0.544973544973545	0.547619047619048	0.554112554112554	0.547619047619048	0.542124542124542	0.537414965986394	0.533333333333333	0.535714285714286	

MAP:	0.463730897835313

NDCG:	0.53968253968254	0.587301587301587	0.575881946036438	0.557426647640306	0.537115135666539	0.520040061940175	0.501232867680934	0.49207167374478	0.484667691118696	0.483348598885913	0.481951168444216	0.479345606855014	0.476407828245266	0.473291707100277	0.47028360900983	0.468005367753438	