precision:0.186666666666667	0.173333333333333	0.155555555555556	0.133333333333333	0.125333333333333	0.12	0.114285714285714	0.11	0.103703703703704	0.0973333333333333	0.0969696969696969	0.0955555555555555	0.0912820512820513	0.0866666666666666	0.0862222222222222	0.0841666666666667	

MAP:	0.149976151888056

NDCG:	0.186666666666667	0.18	0.175622398497319	0.169147750659865	0.16890248656329	0.175000680606144	0.176937934948118	0.182981306364876	0.185616868348632	0.185785389675987	0.188741973114176	0.192763632697038	0.193442310211057	0.193902831414187	0.196551025166859	0.198270356380646	