precision:0.04	0.0333333333333333	0.0311111111111111	0.0333333333333333	0.0346666666666667	0.0333333333333333	0.0304761904761905	0.03	0.0311111111111111	0.032	0.0315151515151515	0.0311111111111111	0.0297435897435898	0.0295238095238095	0.0293333333333333	0.0275	

MAP:	0.0472787006071473

NDCG:	0.04	0.0333333333333333	0.0349320831104542	0.037870707045068	0.0438705395152043	0.0440539317469349	0.0438061177554869	0.0448747612891699	0.0470992504802727	0.0488922277595254	0.0502107635982795	0.0509704809275746	0.0510487603119145	0.0518581059804249	0.0527267663417581	0.0523611257189019	