precision:0.08	0.126666666666667	0.124444444444444	0.12	0.101333333333333	0.0955555555555556	0.0914285714285715	0.085	0.0874074074074074	0.088	0.0896969696969697	0.0888888888888889	0.0841025641025641	0.0819047619047619	0.0782222222222222	0.0766666666666667	

MAP:	0.128635037149184

NDCG:	0.08	0.133333333333333	0.141745730047619	0.147622977916847	0.14201366283323	0.14748763120358	0.149754876028283	0.150645651190526	0.161005042300032	0.165888147682553	0.170763672477211	0.174455650440198	0.174321424061872	0.176155522603243	0.176469949603239	0.178317323159745	