precision:0.146666666666667	0.1	0.0888888888888889	0.0833333333333333	0.0746666666666667	0.08	0.0780952380952381	0.0766666666666667	0.0755555555555555	0.0733333333333333	0.0751515151515151	0.0733333333333333	0.0707692307692308	0.0676190476190476	0.0666666666666667	0.0658333333333333	

MAP:	0.100590847909422

NDCG:	0.146666666666667	0.113333333333333	0.110135833779092	0.113054545531463	0.11041233874945	0.116342510535727	0.117800182365382	0.120493607879043	0.123025116964547	0.12539215648042	0.129410436115174	0.131835869937158	0.132712504560829	0.132726592690343	0.135012634087888	0.14075842184143	