precision:0.0533333333333333	0.04	0.0266666666666667	0.0333333333333333	0.0293333333333333	0.0311111111111111	0.0285714285714286	0.0266666666666667	0.0311111111111111	0.0333333333333333	0.0303030303030303	0.0322222222222222	0.0297435897435897	0.0276190476190476	0.0275555555555556	0.0266666666666667	

MAP:	0.0523463731844889

NDCG:	0.0533333333333333	0.0466666666666667	0.0386729177810623	0.0431434347023812	0.0416659876845369	0.0442473214926582	0.0437250456941427	0.0471290633901658	0.0517348210997248	0.0576317164339889	0.0569715622488702	0.0593764672395794	0.0588450942770181	0.0584361243895004	0.0594493667997299	0.0607649407026972	