precision:0	0.00666666666666667	0.00444444444444444	0.00333333333333333	0.00266666666666667	0.00222222222222222	0.0019047619047619	0.00166666666666667	0.00148148148148148	0.00133333333333333	0.00242424242424242	0.00333333333333333	0.00307692307692308	0.00285714285714286	0.00444444444444445	0.00416666666666667	

MAP:	0.0102924931780188

NDCG:	0	0.00666666666666667	0.00506791688954579	0.00425858590986399	0.00374362918488193	0.00337684472142071	0.00309741391912024	0.00287480258090017	0.00287480258090017	0.00287480258090017	0.00480190142301942	0.00544067133569685	0.00541233925687985	0.00538711166047608	0.00678925107967485	0.00676875387376954	