precision:0.373333333333333	0.313333333333333	0.297777777777778	0.266666666666667	0.256	0.233333333333333	0.224761904761905	0.211666666666667	0.204444444444444	0.196	0.187878787878788	0.178888888888889	0.168205128205128	0.158095238095238	0.152	0.146666666666667	

MAP:	0.289188528470789

NDCG:	0.373333333333333	0.346666666666667	0.347675365469568	0.343069014769158	0.346471616427102	0.342647910401227	0.347979227106107	0.34996026407928	0.355199102022533	0.361664072522779	0.365697875319334	0.370747901796943	0.369667697597679	0.369043462670825	0.371575976390842	0.374702498265296	