precision:0.0533333333333333	0.0733333333333333	0.0711111111111111	0.0666666666666667	0.0613333333333333	0.0555555555555555	0.0533333333333333	0.055	0.0533333333333333	0.0573333333333333	0.0581818181818182	0.0555555555555555	0.0533333333333333	0.0523809523809524	0.0524444444444445	0.0525	

MAP:	0.0580286119987023

NDCG:	0.0533333333333333	0.0733333333333333	0.0717345835562125	0.069306590617167	0.0675716652368317	0.0657857659189404	0.0660873804175636	0.0694635370097891	0.0718847412934171	0.0780587982253004	0.0815111655230484	0.0822069375203435	0.0831871062315415	0.0846048518153228	0.0874088608435692	0.0909810708087075	