precision:0.146666666666667	0.16	0.146666666666667	0.146666666666667	0.138666666666667	0.133333333333333	0.131428571428571	0.123333333333333	0.114074074074074	0.110666666666667	0.103030303030303	0.1	0.0974358974358975	0.0961904761904762	0.0924444444444445	0.0891666666666667	

MAP:	0.149834308502432

NDCG:	0.146666666666667	0.18	0.175203750668637	0.178354305614706	0.177645319696199	0.181460668705834	0.186250012938155	0.190984013013424	0.189945021150653	0.193155326248336	0.192573946438459	0.193837539670099	0.1994471189437	0.202890686948358	0.205210489563973	0.206182697260941	