precision:0.0266666666666667	0.06	0.0622222222222222	0.06	0.056	0.0533333333333333	0.0514285714285714	0.0516666666666667	0.0488888888888889	0.0493333333333334	0.0472727272727273	0.0455555555555556	0.0420512820512821	0.0438095238095238	0.0435555555555556	0.0433333333333333	

MAP:	0.0655783693993937

NDCG:	0.0266666666666667	0.0666666666666667	0.0730616657751502	0.0746803277345138	0.079325345235093	0.0800815103999779	0.0816889204289215	0.0849330921650606	0.0855981277910303	0.0878499493462643	0.0887888784302911	0.0897443224687606	0.0888357372313225	0.092276895046356	0.0937682852822496	0.0948501057893604	