precision:0.133333333333333	0.126666666666667	0.106666666666667	0.103333333333333	0.104	0.102222222222222	0.0952380952380953	0.09	0.0874074074074074	0.0866666666666666	0.0836363636363636	0.08	0.0779487179487179	0.0742857142857143	0.072	0.0675	

MAP:	0.11141472044401

NDCG:	0.133333333333333	0.14	0.132006251114396	0.135156806060464	0.139356097283339	0.142823822690697	0.144559714877371	0.146653964923039	0.149201931530707	0.154139200246973	0.158980437816638	0.159800904082783	0.161926981253835	0.162946848291092	0.164015813406374	0.163504522580738	