precision:0.0933333333333333	0.0933333333333333	0.0844444444444444	0.0833333333333333	0.072	0.0666666666666667	0.060952380952381	0.0566666666666667	0.0548148148148148	0.052	0.0496969696969697	0.0466666666666667	0.0471794871794872	0.0495238095238095	0.0488888888888889	0.0475	

MAP:	0.0726543519211648

NDCG:	0.0933333333333333	0.0933333333333333	0.0937519811620151	0.103847990576621	0.0993360121000699	0.102428711981412	0.100855256762674	0.100008150820846	0.100712508923922	0.100584296619325	0.100627092722126	0.0999998739121715	0.101652308700947	0.105402472730997	0.107274483390935	0.107959268086773	