precision:0.253333333333333	0.2	0.173333333333333	0.156666666666667	0.149333333333333	0.153333333333333	0.146666666666667	0.141666666666667	0.139259259259259	0.133333333333333	0.126060606060606	0.124444444444444	0.12	0.117142857142857	0.112888888888889	0.11	

MAP:	0.208590427632186

NDCG:	0.253333333333333	0.22	0.208808751560154	0.209193504867752	0.212279271229508	0.222592205830897	0.227149716113311	0.231554195645894	0.237935241693684	0.241531977820849	0.24353945299193	0.2482397437235	0.252477616116241	0.256278048189451	0.260973817965509	0.263419407883847	