precision:0.133333333333333	0.12	0.115555555555556	0.106666666666667	0.101333333333333	0.0977777777777778	0.0952380952380952	0.095	0.0933333333333333	0.0973333333333334	0.0896969696969697	0.0866666666666667	0.0841025641025641	0.0809523809523809	0.0782222222222222	0.0808333333333333	

MAP:	0.133851537453387

NDCG:	0.133333333333333	0.14	0.146813646937165	0.145194984977802	0.145317791080465	0.146519079619637	0.148873736529431	0.1522378132881	0.160343092607961	0.172784821152338	0.172131736466853	0.174711123226552	0.176567510976739	0.178740728952744	0.18129513139547	0.188635450518256	