precision:0.32	0.286666666666667	0.257777777777778	0.253333333333333	0.245333333333333	0.24	0.224761904761905	0.206666666666667	0.2	0.188	0.184242424242424	0.175555555555556	0.172307692307692	0.160952380952381	0.157333333333333	0.1525	

MAP:	0.290190641070606

NDCG:	0.32	0.32	0.313014949917297	0.318718659841208	0.322728069913069	0.333314526036407	0.33522752575514	0.333144788457999	0.341410939770251	0.343971686123226	0.35108710262145	0.356123217709786	0.36135962729196	0.360087455230776	0.364320200904808	0.369091798177442	