precision:0.2	0.173333333333333	0.164444444444445	0.14	0.130666666666667	0.128888888888889	0.118095238095238	0.11	0.108148148148148	0.102666666666667	0.0969696969696969	0.0966666666666666	0.0912820512820513	0.0895238095238095	0.0897777777777778	0.0866666666666667	

MAP:	0.157709361834532

NDCG:	0.2	0.18	0.187822345740067	0.181135766891157	0.180755656480379	0.189553880476287	0.1882027453854	0.188724181962321	0.193934746365964	0.195379982901828	0.195399490245844	0.200167522287514	0.199935308605634	0.202573833265858	0.205618844302272	0.206587974425942	