precision:0.186666666666667	0.153333333333333	0.151111111111111	0.143333333333333	0.130666666666667	0.115555555555556	0.110476190476191	0.105	0.102222222222222	0.101333333333333	0.0969696969696969	0.09	0.0861538461538462	0.080952380952381	0.0773333333333333	0.0733333333333333	

MAP:	0.137397962860258

NDCG:	0.186666666666667	0.16	0.163197499554242	0.16370813054981	0.160550967042816	0.156532811292261	0.158836565093878	0.161652654554356	0.165019766294241	0.16872126087836	0.170910234673589	0.170565049169376	0.171732491977696	0.171593295248783	0.172079668794425	0.172301474738457	