precision:0.08	0.08	0.0755555555555555	0.07	0.0666666666666667	0.0666666666666667	0.059047619047619	0.0533333333333333	0.0518518518518519	0.052	0.0484848484848485	0.0488888888888889	0.0471794871794872	0.0457142857142857	0.0453333333333333	0.0433333333333333	

MAP:	0.0674564186762999

NDCG:	0.08	0.08	0.0830260964087039	0.0893741509090144	0.0895643801687796	0.0956684973622133	0.0930792947659699	0.0913173543868579	0.0920115722375983	0.0938917932903498	0.0930428293526447	0.0947855132578736	0.0952187367105044	0.0959181993254284	0.0978059026302819	0.0979492135563199	