precision:0.173333333333333	0.146666666666667	0.146666666666667	0.136666666666667	0.125333333333333	0.113333333333333	0.112380952380952	0.105	0.100740740740741	0.1	0.0933333333333333	0.0877777777777778	0.0830769230769231	0.0819047619047619	0.0782222222222222	0.0741666666666667	

MAP:	0.133492280784119

NDCG:	0.173333333333333	0.153333333333333	0.158129582664696	0.157320251685014	0.154935523265493	0.152773886070207	0.158008947492427	0.159867925473375	0.162487814840119	0.166569709563034	0.166314087078639	0.16714191478613	0.167534595366036	0.170326805948763	0.1708232485946	0.170786566476359	