precision:0.186666666666667	0.173333333333333	0.173333333333333	0.143333333333333	0.144	0.151111111111111	0.158095238095238	0.14	0.137777777777778	0.138666666666667	0.136969696969697	0.132222222222222	0.132307692307692	0.132380952380952	0.126222222222222	0.123333333333333	

MAP:	0.182718105303893

NDCG:	0.186666666666667	0.186666666666667	0.196677813158074	0.180963431493868	0.189692404221685	0.199903116025658	0.212907996940502	0.208918279621168	0.214366092912956	0.224992270366877	0.230350703703706	0.234278802243742	0.244562744633725	0.252377849676747	0.253266365799643	0.257397429899049	