precision:0.213333333333333	0.2	0.155555555555556	0.146666666666667	0.146666666666667	0.135555555555556	0.127619047619048	0.121666666666667	0.118518518518518	0.110666666666667	0.109090909090909	0.106666666666667	0.102564102564103	0.099047619047619	0.0968888888888889	0.0925	

MAP:	0.190382627315118

NDCG:	0.213333333333333	0.22	0.197617503120308	0.19925536161274	0.207383493935749	0.208744127514259	0.212644427693747	0.216087083314161	0.221108818829734	0.222852259274829	0.227238201623593	0.230933790684	0.233421155721056	0.236459711210096	0.238849095615066	0.239403923030266	