precision:0.0933333333333333	0.0666666666666667	0.0622222222222222	0.0566666666666667	0.0506666666666667	0.0488888888888889	0.0476190476190476	0.0466666666666667	0.0488888888888889	0.0493333333333333	0.0484848484848485	0.0466666666666667	0.0482051282051282	0.0457142857142857	0.0462222222222222	0.0458333333333333	

MAP:	0.0703485110964047

NDCG:	0.0933333333333333	0.0666666666666667	0.0634691671124249	0.0597212121981293	0.0567541038965242	0.0566549737261995	0.0651530811450595	0.0664834021126748	0.070028106847046	0.0747135615017304	0.0772650126502677	0.0787303145829397	0.0832600924553312	0.0840658820409849	0.0883522609274955	0.0911561507460041	