precision:0.16	0.14	0.142222222222222	0.133333333333333	0.12	0.113333333333333	0.110476190476191	0.103333333333333	0.103703703703704	0.0986666666666667	0.0909090909090909	0.0855555555555556	0.0841025641025641	0.0819047619047619	0.0782222222222222	0.0741666666666667	

MAP:	0.13426123885762

NDCG:	0.16	0.146666666666667	0.15306166577515	0.153360365759264	0.150068355938066	0.150954628764867	0.155624220906552	0.156947403229058	0.162166866570244	0.163433927970776	0.162435342482088	0.16324699696	0.16897081741695	0.173546908686577	0.174065002825739	0.1743155063528	