precision:0.386666666666667	0.32	0.284444444444445	0.246666666666667	0.221333333333333	0.22	0.207619047619048	0.191666666666667	0.177777777777778	0.173333333333333	0.163636363636364	0.156666666666667	0.146666666666667	0.14	0.136888888888889	0.1325	

MAP:	0.278743741528308

NDCG:	0.386666666666667	0.36	0.348808751560154	0.334924962866767	0.326827797633907	0.335016300101385	0.336282956545033	0.334304305949926	0.334602874627808	0.341925176119141	0.342426734599785	0.345224429301712	0.344103249806168	0.346280170135071	0.350602074017477	0.353520684958095	