precision:0.0133333333333333	0.02	0.0355555555555556	0.04	0.0346666666666667	0.0444444444444444	0.0476190476190476	0.0483333333333333	0.0474074074074074	0.0493333333333333	0.0545454545454545	0.0522222222222222	0.0533333333333333	0.0514285714285714	0.0497777777777778	0.0483333333333333	

MAP:	0.0548140905276193

NDCG:	0.0133333333333333	0.0266666666666667	0.044671562043678	0.0495275479217688	0.048362788157601	0.05569650822338	0.0633668942466818	0.066255885618139	0.0676120059860836	0.070693703156339	0.0802751169274744	0.0808626224255033	0.0837258997129427	0.085477849563867	0.0866061582246733	0.0885646428317392	