precision:0.306666666666667	0.293333333333333	0.257777777777778	0.243333333333333	0.229333333333333	0.224444444444444	0.209523809523809	0.191666666666667	0.182222222222222	0.174666666666667	0.168484848484849	0.162222222222222	0.156923076923077	0.154285714285714	0.147555555555556	0.141666666666667	

MAP:	0.281759117711686

NDCG:	0.306666666666667	0.326666666666667	0.3138766684497	0.315186674333829	0.319372118054987	0.324720472700206	0.325832867715993	0.325043369143722	0.329139854936158	0.332917021754257	0.336260405700898	0.339651390623799	0.343341496728738	0.349393978570713	0.351178206168217	0.35331508284298	