precision:0.2	0.173333333333333	0.164444444444445	0.143333333333333	0.128	0.117777777777778	0.112380952380952	0.106666666666667	0.103703703703704	0.1	0.0933333333333333	0.0933333333333333	0.0902564102564102	0.0866666666666667	0.0871111111111111	0.0833333333333333	

MAP:	0.156852408762443

NDCG:	0.2	0.18	0.187822345740067	0.183265059846089	0.179402884408724	0.179256584103434	0.184239425146559	0.186023206887768	0.190422270096546	0.192939423657528	0.192247624971709	0.196976323463524	0.198336821013414	0.199241177891658	0.202754524271708	0.202911687433059	