precision:0.133333333333333	0.12	0.102222222222222	0.09	0.088	0.0822222222222222	0.0819047619047619	0.0816666666666667	0.077037037037037	0.0773333333333333	0.0763636363636363	0.0733333333333333	0.0687179487179487	0.0657142857142857	0.0648888888888889	0.0641666666666667	

MAP:	0.102549606986502

NDCG:	0.133333333333333	0.133333333333333	0.128955731830652	0.122481083993198	0.123420089979358	0.122708863642392	0.125419035371129	0.128000800964081	0.128359950931958	0.133173905813613	0.135244339624855	0.136241057126599	0.138254022875373	0.138756789286298	0.140570010457202	0.143246263500811	