precision:0.0533333333333333	0.0733333333333333	0.08	0.0766666666666667	0.08	0.08	0.0838095238095238	0.085	0.0874074074074074	0.0866666666666667	0.0896969696969697	0.09	0.0902564102564102	0.0866666666666667	0.0862222222222222	0.085	

MAP:	0.100096127649268

NDCG:	0.0533333333333333	0.0733333333333333	0.0859519284047625	0.0884858868495354	0.0946655416036962	0.0996706432262405	0.108404121280036	0.112800561680013	0.117951099455815	0.120706362757951	0.127545414923967	0.131872638316931	0.136086609994559	0.137044442294348	0.140041467378495	0.14288896488205	