precision:0.346666666666667	0.28	0.253333333333333	0.25	0.229333333333333	0.222222222222222	0.205714285714286	0.196666666666667	0.191111111111111	0.182666666666667	0.168484848484849	0.162222222222222	0.153846153846154	0.146666666666667	0.139555555555556	0.134166666666667	

MAP:	0.262528116499181

NDCG:	0.346666666666667	0.313333333333333	0.30693833422485	0.318874892701396	0.316572422082317	0.320448377303292	0.319306663757518	0.322679904698378	0.329197379817636	0.333505599521015	0.331331164969671	0.333579200050797	0.334204115562695	0.336371251218307	0.337241835942791	0.339732741488389	