precision:0.32	0.28	0.257777777777778	0.256666666666667	0.248	0.24	0.226666666666667	0.206666666666667	0.201481481481481	0.189333333333333	0.184242424242424	0.175555555555556	0.171282051282051	0.16	0.157333333333333	0.151666666666667	

MAP:	0.289789103078426

NDCG:	0.32	0.313333333333333	0.311144532581993	0.319276235444949	0.323218222359709	0.332514410493908	0.335651075608235	0.33264717267383	0.342476282754466	0.345162780779975	0.350954992872275	0.35605176366821	0.360750251111698	0.359550126999482	0.364805789389792	0.368700017707369	