precision:0.173333333333333	0.146666666666667	0.133333333333333	0.12	0.122666666666667	0.113333333333333	0.112380952380952	0.103333333333333	0.103703703703704	0.105333333333333	0.100606060606061	0.0966666666666666	0.0943589743589744	0.0914285714285714	0.0871111111111111	0.085	

MAP:	0.160889268744641

NDCG:	0.173333333333333	0.166666666666667	0.163887814941107	0.161151165926826	0.168681835716784	0.169109687913709	0.176174707595484	0.177904691785661	0.185354951956715	0.193187053447212	0.195619233584186	0.198546560621581	0.202280595887316	0.204880800750983	0.206354799426181	0.209059177834986	