precision:0.0133333333333333	0.00666666666666667	0.00444444444444444	0.01	0.008	0.00888888888888889	0.00952380952380952	0.00833333333333333	0.00888888888888889	0.008	0.00727272727272727	0.00666666666666667	0.00717948717948718	0.00857142857142857	0.00888888888888889	0.00916666666666667	

MAP:	0.0159431098799075

NDCG:	0.0133333333333333	0.00666666666666667	0.00506791688954579	0.00972121219812931	0.00894877711065622	0.00970494227554114	0.0102810185812318	0.00978168799418325	0.01364243411784	0.0135056738146368	0.013388328463765	0.0132861387232597	0.0137874498772485	0.015324794842784	0.0157470126264932	0.0164873905445933	