precision:0.0933333333333333	0.113333333333333	0.111111111111111	0.1	0.0906666666666667	0.0777777777777778	0.0723809523809524	0.07	0.0651851851851852	0.0586666666666667	0.0557575757575758	0.0544444444444445	0.0543589743589744	0.0533333333333333	0.0515555555555556	0.05	

MAP:	0.0975378123907355

NDCG:	0.0933333333333333	0.133333333333333	0.138129582664696	0.134169696738945	0.131356945070111	0.126997685265552	0.127175098559715	0.128131025431203	0.128145727400173	0.126203540534037	0.126314481428382	0.130583795222318	0.132832654542813	0.133821734431858	0.135131596026683	0.136150315420001	