precision:0.28	0.24	0.222222222222222	0.193333333333333	0.192	0.175555555555555	0.161904761904762	0.148333333333333	0.143703703703704	0.137333333333333	0.135757575757576	0.133333333333333	0.128205128205128	0.121904761904762	0.118222222222222	0.118333333333333	

MAP:	0.219941185435196

NDCG:	0.28	0.266666666666667	0.262879116138205	0.253253913354682	0.261634500256203	0.260109534251024	0.258827604228959	0.257895054713385	0.2628006192857	0.265482353203861	0.270342434328039	0.276893363535795	0.278230024386987	0.278801820126549	0.281052410979625	0.28604657331517	