precision:0.173333333333333	0.146666666666667	0.124444444444444	0.12	0.114666666666667	0.104444444444444	0.112380952380952	0.105	0.0948148148148148	0.0986666666666667	0.0921212121212121	0.0933333333333333	0.0943589743589744	0.0914285714285714	0.0915555555555556	0.0883333333333333	

MAP:	0.13726952512483

NDCG:	0.173333333333333	0.166666666666667	0.157074168003941	0.161524772743018	0.165496502897709	0.163244688946031	0.172376916878823	0.17203499599886	0.169674979272635	0.178021887526247	0.177403761996871	0.181527549966347	0.188853719855906	0.191225170667854	0.195534511698355	0.19668780613789	