precision:0.454545454545455	0.454545454545455	0.46969696969697	0.465909090909091	0.454545454545454	0.439393939393939	0.415584415584416	0.380681818181818	0.378787878787879	0.359090909090909	0.359504132231405	0.359848484848485	0.34965034965035	0.337662337662338	0.333333333333333	0.323863636363636	

MAP:	0.333595437720468

NDCG:	0.333333333333333	0.318181818181818	0.352612157563246	0.360305483598161	0.363322348246144	0.368029511530625	0.357612841369191	0.347125046267113	0.354728173889095	0.349067397984305	0.351271282191462	0.356009117393668	0.353631595821978	0.353351726744101	0.357680572013954	0.35809011638549	