precision:0.761904761904762	0.619047619047619	0.555555555555556	0.55952380952381	0.552380952380952	0.531746031746032	0.517006802721088	0.505952380952381	0.497354497354497	0.466666666666667	0.467532467532468	0.46031746031746	0.461538461538462	0.445578231292517	0.441269841269841	0.43452380952381	

MAP:	0.450961753942563

NDCG:	0.603174603174603	0.48015873015873	0.462555451607992	0.471350804980899	0.472255859139631	0.470458561560093	0.466474972972668	0.465184631674392	0.464508756852242	0.453334707503461	0.455166258347049	0.456263245010741	0.45648362773348	0.449082480992521	0.449248853081446	0.447212694808392	