precision:0.666666666666667	0.666666666666667	0.634920634920635	0.619047619047619	0.628571428571429	0.595238095238095	0.578231292517007	0.56547619047619	0.544973544973545	0.552380952380952	0.528138528138528	0.515873015873016	0.509157509157509	0.506802721088435	0.498412698412698	0.494047619047619	

MAP:	0.459740492983521

NDCG:	0.571428571428571	0.523809523809524	0.505161745209337	0.483639093855438	0.481925128676523	0.469630903941197	0.46407686614588	0.461529011263609	0.453833220644716	0.456598534832557	0.444586793603882	0.44161672716719	0.438238242700405	0.440478511652692	0.439809196904367	0.440439986066311	