precision:0.619047619047619	0.666666666666667	0.650793650793651	0.595238095238095	0.6	0.579365079365079	0.564625850340136	0.571428571428571	0.560846560846561	0.552380952380952	0.54978354978355	0.543650793650794	0.534798534798535	0.534013605442177	0.533333333333333	0.526785714285714	

MAP:	0.511068709836268

NDCG:	0.46031746031746	0.507936507936508	0.488903772494593	0.462851525237615	0.458876747343258	0.451729961099888	0.450649800765885	0.456336032349588	0.450841674952839	0.44952766094689	0.451935456450036	0.452749493750334	0.453371796477333	0.451986475480106	0.448255452838649	0.445773789377378	