precision:0.666666666666667	0.69047619047619	0.650793650793651	0.654761904761905	0.647619047619048	0.642857142857143	0.605442176870748	0.601190476190476	0.603174603174603	0.604761904761905	0.601731601731602	0.619047619047619	0.597069597069597	0.581632653061224	0.565079365079365	0.547619047619048	

MAP:	0.479041552688419

NDCG:	0.507936507936508	0.547619047619048	0.515263397367792	0.519163060445012	0.513024277619515	0.513823073811974	0.495635832970573	0.493964186918129	0.493527711153431	0.496952237377061	0.493566769810078	0.500029107644265	0.489501057432163	0.481878365241929	0.477103515889254	0.473351620100606	