precision:0	0.15	0.166666666666667	0.175	0.18	0.15	0.157142857142857	0.1375	0.144444444444444	0.17	0.181818181818182	0.183333333333333	0.169230769230769	0.157142857142857	0.16	0.15625	

MAP:	0.144383954959294

NDCG:	0	0.15	0.161990623328407	0.174130588023634	0.181854938898365	0.167761577949132	0.173574518838105	0.163831443323595	0.17417757014895	0.19338450250855	0.206576944156017	0.219313166083126	0.217071998944859	0.215076407290509	0.223322680701938	0.22645911117707	