precision:0.4	0.4	0.333333333333333	0.325	0.28	0.25	0.271428571428571	0.2625	0.255555555555556	0.24	0.218181818181818	0.2	0.192307692307692	0.178571428571429	0.173333333333333	0.18125	

MAP:	0.25716145673551

NDCG:	0.4	0.4	0.36402813001478	0.36178788013393	0.33617806611279	0.323438917975363	0.341607117559352	0.340926347485914	0.347108248030422	0.343330886273258	0.334875345003224	0.327511869911995	0.325685919032107	0.32330284923795	0.32882156516539	0.346551264845521	