precision:0.1	0.2	0.166666666666667	0.125	0.14	0.166666666666667	0.171428571428571	0.1625	0.144444444444444	0.15	0.145454545454545	0.133333333333333	0.123076923076923	0.114285714285714	0.106666666666667	0.1	

MAP:	0.21735875098087

NDCG:	0.1	0.25	0.25	0.23403030283801	0.280692394788072	0.307964266264344	0.32772507334953	0.336056069429195	0.334151742030395	0.347891473450501	0.352448993874712	0.350990316310991	0.350466307277268	0.349999716438662	0.349999716438662	0.349999716438662	