precision:0.4	0.25	0.2	0.15	0.14	0.15	0.142857142857143	0.125	0.122222222222222	0.11	0.1	0.108333333333333	0.1	0.107142857142857	0.113333333333333	0.11875	

MAP:	0.252327866472385

NDCG:	0.4	0.25	0.238009376671593	0.228109661857217	0.238180472542342	0.256088903962584	0.26145734176389	0.258547154879352	0.262955453481867	0.260939492563243	0.25920972423282	0.272073504741379	0.272073504741379	0.28247441876739	0.291708847739808	0.304118407300649	