precision:0.4	0.35	0.333333333333333	0.375	0.36	0.333333333333333	0.314285714285714	0.275	0.244444444444444	0.22	0.209090909090909	0.2	0.192307692307692	0.192857142857143	0.186666666666667	0.18125	

MAP:	0.191215924059091

NDCG:	0.4	0.35	0.338009376671593	0.36387878864796	0.357817786197269	0.343703196321862	0.332950147689954	0.31084440376311	0.29266381945129	0.28016183867891	0.274649107604188	0.269848367278171	0.268001711798594	0.275938297684698	0.276525622186181	0.277056973960387	