precision:0.4	0.3	0.2	0.175	0.18	0.166666666666667	0.171428571428571	0.175	0.155555555555556	0.17	0.154545454545455	0.15	0.146153846153846	0.135714285714286	0.133333333333333	0.125	

MAP:	0.14805328616138

NDCG:	0.4	0.3	0.228056260029561	0.213676045453483	0.216618480528694	0.20891670330732	0.211324095334462	0.213241968225963	0.202082157204041	0.219320066484052	0.214856722735695	0.215760611609458	0.2186106072338	0.216290566415359	0.219078206074049	0.217193192789263	