precision:0.4	0.4	0.333333333333333	0.325	0.28	0.266666666666667	0.242857142857143	0.25	0.222222222222222	0.2	0.209090909090909	0.2	0.2	0.192857142857143	0.186666666666667	0.175	

MAP:	0.270035339587152

NDCG:	0.4	0.4	0.36402813001478	0.36178788013393	0.33617806611279	0.334611923663918	0.327239597639284	0.343395225699641	0.333062634806684	0.324807079428942	0.334384895726698	0.332507348872212	0.33769649065812	0.34870615048007	0.353102164639216	0.353102164639216	