precision:0.3	0.3	0.333333333333333	0.25	0.22	0.233333333333333	0.242857142857143	0.225	0.222222222222222	0.2	0.181818181818182	0.175	0.161538461538462	0.15	0.14	0.14375	

MAP:	0.376723929485534

NDCG:	0.3	0.4	0.467518357663793	0.437819213220663	0.433451364105034	0.452493716439642	0.468964802505386	0.474282754724426	0.488291556163661	0.485875296209109	0.483802056639411	0.488476597276091	0.488181904103275	0.487919501881583	0.487919501881583	0.499838019380678	