precision:0.3	0.2	0.233333333333333	0.225	0.18	0.15	0.128571428571429	0.1375	0.133333333333333	0.12	0.109090909090909	0.108333333333333	0.115384615384615	0.107142857142857	0.1	0.1	

MAP:	0.224566606057222

NDCG:	0.3	0.2	0.247962493313626	0.262342707889704	0.247308072824133	0.240070691638624	0.234556970549849	0.244538422505308	0.248822764194787	0.246702396357302	0.24488304306516	0.249914881431795	0.259664507545494	0.259664507545494	0.259664507545494	0.266683812267147	