precision:0.7	0.55	0.6	0.525	0.46	0.4	0.385714285714286	0.375	0.355555555555556	0.34	0.345454545454545	0.341666666666667	0.330769230769231	0.328571428571429	0.306666666666667	0.2875	

MAP:	0.262712327944404

NDCG:	0.7	0.55	0.58597186998522	0.5403030283801	0.503015081052491	0.466658703340228	0.455510804129767	0.448299303970539	0.435999728130781	0.428516526490305	0.436542647265401	0.435492028320592	0.432515578365111	0.436360238726748	0.429371852260669	0.423049467381081	