precision:0.245283018867925	0.320754716981132	0.320754716981132	0.320754716981132	0.315094339622641	0.323899371069182	0.328840970350404	0.332547169811321	0.335429769392034	0.335849056603773	0.330188679245283	0.334119496855346	0.331640058055153	0.332210242587601	0.330188679245283	0.326061320754717	

MAP:	0.332658460196802

NDCG:	0.188679245283019	0.223270440251572	0.228549331025085	0.22832817207949	0.223645178551959	0.226758918174407	0.227916184778389	0.230396153839535	0.231779894046621	0.233235541683826	0.234877201416832	0.239546909358445	0.241762980859122	0.244185709080063	0.244798832513855	0.247215630119512	