precision:0.518867924528302	0.528301886792453	0.534591194968553	0.528301886792453	0.520754716981132	0.498427672955975	0.485175202156334	0.479952830188679	0.485324947589099	0.474528301886792	0.469125214408233	0.461477987421384	0.454281567489115	0.452156334231806	0.447798742138365	0.446344339622642	

MAP:	0.425344019238831

NDCG:	0.39937106918239	0.393081761006289	0.393904470544439	0.394249605169835	0.397171346542877	0.39127694224377	0.390215631597836	0.391131051775906	0.39605136297779	0.396696428115599	0.395531121550059	0.395143159176276	0.393715979050482	0.39464227046467	0.394401878329342	0.394899581092352	