precision:0.367924528301887	0.433962264150943	0.408805031446541	0.415094339622642	0.409433962264151	0.39937106918239	0.392183288409704	0.382075471698113	0.379454926624738	0.373584905660377	0.373927958833619	0.368710691823899	0.368650217706821	0.367250673854448	0.359748427672956	0.357311320754717	

MAP:	0.352069012568596

NDCG:	0.267295597484277	0.318396226415094	0.30563179992757	0.302920713845196	0.300616064014587	0.29643240545563	0.294848001611043	0.292967410425544	0.292066165182117	0.291848169302396	0.293619556883445	0.292280323493501	0.294512800268652	0.295688384587575	0.293257103884576	0.293484209156558	