precision:0.481132075471698	0.476415094339623	0.465408805031447	0.44811320754717	0.428301886792453	0.419811320754717	0.412398921832884	0.408018867924528	0.40251572327044	0.394339622641509	0.393653516295026	0.393867924528302	0.392597968069666	0.386792452830188	0.383018867924528	0.375	

MAP:	0.372153322395142

NDCG:	0.380503144654088	0.35062893081761	0.34640947608133	0.336031533905474	0.326899304675387	0.322898352181457	0.320824741106919	0.320526636726172	0.321206747489361	0.320116698368718	0.322614671917771	0.323590545406995	0.324781362596762	0.323554540416375	0.3243208262037	0.323152917667299	