precision:0.566037735849057	0.580188679245283	0.553459119496855	0.533018867924528	0.528301886792453	0.523584905660377	0.502695417789757	0.495283018867925	0.4937106918239	0.483018867924528	0.47770154373928	0.47248427672956	0.468795355587809	0.464285714285714	0.455345911949686	0.451061320754717	

MAP:	0.429388272484646

NDCG:	0.452830188679245	0.461477987421383	0.444098753158249	0.432221235726611	0.424484588506641	0.424298291608393	0.4181521306875	0.417588545107101	0.418721185415076	0.412956280047707	0.413121572069555	0.414170086074083	0.414383275799779	0.415187265018037	0.414478396661124	0.415221456341714	