precision:0.556603773584906	0.55188679245283	0.534591194968553	0.523584905660377	0.503773584905661	0.485849056603773	0.478436657681941	0.469339622641509	0.457023060796646	0.45	0.448542024013722	0.44811320754717	0.44267053701016	0.443396226415094	0.440251572327044	0.435141509433962	

MAP:	0.424358603478911

NDCG:	0.430817610062893	0.42059748427673	0.407747523725625	0.404788224305176	0.400110499736003	0.39121261800651	0.392804642975981	0.390767191618213	0.38980509335055	0.388541465178253	0.392947154517801	0.39332256118274	0.394498852460232	0.397455333302899	0.398181266351758	0.398903487192756	