precision:0.405660377358491	0.424528301886792	0.440251572327044	0.42688679245283	0.403773584905661	0.40566037735849	0.398921832884097	0.390330188679245	0.385744234800839	0.378301886792453	0.379073756432247	0.377358490566038	0.374455732946299	0.371967654986523	0.365408805031447	0.362028301886792	

MAP:	0.358074592118161

NDCG:	0.317610062893082	0.314465408805032	0.322689053749174	0.318490477668783	0.306352315700852	0.3070371667869	0.302999186119931	0.302767875506558	0.301363955667915	0.301685489886238	0.302703711225433	0.304253469265443	0.303065600111179	0.303404997533425	0.302649616802088	0.303742424684457	