precision:0.60377358490566	0.599056603773585	0.575471698113208	0.55188679245283	0.533962264150944	0.520440251572327	0.517520215633423	0.51061320754717	0.506289308176101	0.497169811320755	0.487135506003431	0.474056603773585	0.468069666182874	0.464959568733154	0.456603773584906	0.453419811320755	

MAP:	0.440372850043519

NDCG:	0.50314465408805	0.486635220125786	0.465269009063218	0.455181891648209	0.444082174177371	0.436949592606463	0.438518309759875	0.437129911659356	0.43904895948241	0.435929117464994	0.433343658613628	0.429502855359011	0.428796854670461	0.429698698482153	0.427146487820356	0.428448339498688	