precision:0.594339622641509	0.556603773584906	0.556603773584906	0.547169811320755	0.532075471698113	0.518867924528302	0.497304582210243	0.490566037735849	0.485324947589099	0.477358490566038	0.467409948542024	0.462264150943396	0.463715529753266	0.462938005390835	0.454716981132076	0.445165094339623	

MAP:	0.430344111675859

NDCG:	0.455974842767296	0.428459119496855	0.427980503783367	0.426571550350354	0.419825631048299	0.413718991020882	0.407200353685892	0.4073790242083	0.408365652855824	0.407320212908992	0.405406539396041	0.404517929310753	0.407915509092377	0.409595926866591	0.408586153728061	0.406083062063046	