precision:0.443396226415094	0.514150943396226	0.490566037735849	0.47877358490566	0.466037735849056	0.457547169811321	0.442048517520216	0.450471698113208	0.452830188679245	0.44811320754717	0.436535162950257	0.433962264150943	0.433236574746009	0.432614555256065	0.432075471698113	0.424528301886792	

MAP:	0.411363884339042

NDCG:	0.349056603773585	0.400943396226415	0.390690923463264	0.386474576747293	0.375818897582893	0.371656012289946	0.363758912305322	0.367273390070851	0.370474661025427	0.371344027690999	0.368301280657889	0.369342667836571	0.371522135273547	0.371955074110249	0.374915846890729	0.372449133654618	