precision:0.471698113207547	0.457547169811321	0.443396226415094	0.469339622641509	0.450943396226415	0.424528301886793	0.402964959568733	0.397405660377358	0.39517819706499	0.391509433962264	0.38336192109777	0.375786163522013	0.372278664731495	0.373315363881402	0.372327044025157	0.369103773584906	

MAP:	0.357941376741332

NDCG:	0.364779874213836	0.341981132075472	0.334877170180016	0.347571686077088	0.339510649913189	0.325433729381077	0.317923254696893	0.320006043339414	0.318386912661831	0.3158447302811	0.311986466580821	0.309902789167375	0.311578814363197	0.312695314747505	0.31421805868841	0.31479307342502	