precision:0.367924528301887	0.433962264150943	0.408805031446541	0.417452830188679	0.409433962264151	0.40566037735849	0.393530997304582	0.384433962264151	0.380503144654088	0.376415094339623	0.376500857632933	0.371855345911949	0.369375907111756	0.367924528301887	0.361006289308176	0.357900943396226	

MAP:	0.352542511262213

NDCG:	0.267295597484277	0.321540880503145	0.305005817748826	0.305910041267261	0.299900787638957	0.298898906029784	0.296777588052345	0.294974298141649	0.293335974806937	0.293763532205648	0.296088933832785	0.295082687983194	0.296728823309971	0.296411847260148	0.294540556963958	0.294591521305391	