precision:0.509433962264151	0.518867924528302	0.50314465408805	0.488207547169811	0.477358490566038	0.471698113207547	0.463611859838275	0.462264150943396	0.458071278825996	0.44811320754717	0.44253859348199	0.441823899371069	0.441944847605225	0.441374663072776	0.439622641509434	0.434551886792453	

MAP:	0.414973346117035

NDCG:	0.408805031446541	0.421383647798742	0.408491729648835	0.404068921158585	0.39270723539467	0.387835759179812	0.381847150150128	0.380551846978938	0.380706819246337	0.379824999728166	0.379832651548161	0.381764025055818	0.383345262008363	0.385078376433777	0.386646966686404	0.385470129558042	