precision:0.622641509433962	0.575471698113208	0.581761006289308	0.533018867924528	0.522641509433962	0.511006289308176	0.501347708894879	0.488207547169811	0.479035639412998	0.465094339622642	0.457118353344768	0.455974842767295	0.452104499274311	0.450134770889488	0.444654088050315	0.441627358490566	

MAP:	0.428148392769328

NDCG:	0.484276729559748	0.438679245283019	0.432446295640544	0.415892471179921	0.412689500485462	0.409763167800037	0.409721326785067	0.404561860723251	0.402585838985254	0.398933491871738	0.39705188826958	0.396542124658442	0.398324441394257	0.399832538593251	0.401051747774205	0.401403668953225	