precision:0.584905660377358	0.584905660377358	0.559748427672956	0.528301886792453	0.524528301886792	0.509433962264151	0.491913746630728	0.483490566037736	0.487421383647799	0.484905660377358	0.475986277873071	0.470125786163522	0.465166908563135	0.461590296495957	0.455345911949686	0.448702830188679	

MAP:	0.428580578707957

NDCG:	0.452830188679245	0.456761006289308	0.439758835652853	0.422548089088062	0.41674165382765	0.41233047287137	0.405226296832128	0.405802242994625	0.410564230185216	0.409800403330163	0.407856480449368	0.408437845761004	0.409409004001425	0.411242352882997	0.410814290683282	0.410201352365504	