precision:0.367924528301887	0.391509433962264	0.367924528301887	0.377358490566038	0.377358490566038	0.371069182389937	0.362533692722372	0.35377358490566	0.354297693920336	0.355660377358491	0.353344768439108	0.352201257861635	0.350507982583454	0.348382749326146	0.347798742138365	0.350825471698113	

MAP:	0.343720550348846

NDCG:	0.261006289308176	0.265723270440252	0.255015882736732	0.264673572310821	0.26481259819399	0.261255290740726	0.258481040453631	0.258235468001029	0.261072866265546	0.265180580996655	0.267422601655643	0.270294893556128	0.272087129382256	0.275143314577986	0.276371447383836	0.280124315318989	