precision:0.622641509433962	0.589622641509434	0.581761006289308	0.561320754716981	0.541509433962264	0.537735849056604	0.522911051212938	0.505896226415094	0.4979035639413	0.490566037735849	0.482847341337908	0.469339622641509	0.463715529753266	0.462264150943396	0.459748427672956	0.456367924528302	

MAP:	0.44243535830004

NDCG:	0.509433962264151	0.477201257861635	0.471517092496448	0.462411099737595	0.45337958757854	0.45044201891753	0.44876190356117	0.442092003014923	0.441276982669264	0.441172269657366	0.438139121192308	0.433508782973327	0.432101263694772	0.433126821172821	0.433735091692832	0.433809654645459	