precision:0.358490566037736	0.391509433962264	0.364779874213836	0.367924528301887	0.356603773584906	0.361635220125786	0.36522911051213	0.365566037735849	0.358490566037736	0.356603773584906	0.34991423670669	0.349842767295597	0.34978229317852	0.348382749326146	0.344025157232705	0.344929245283019	

MAP:	0.341895515006248

NDCG:	0.251572327044025	0.272012578616352	0.259490041343234	0.261758192304245	0.255561499507317	0.25737222866318	0.260929512818415	0.264731716793425	0.262988726363929	0.264222899169678	0.263644342444009	0.265908089754634	0.268413226949841	0.270316013677761	0.271540683735378	0.274161078970852	