precision:0.509433962264151	0.523584905660377	0.525157232704403	0.514150943396226	0.492452830188679	0.479559748427673	0.459568733153639	0.451650943396226	0.444444444444444	0.443396226415094	0.441680960548885	0.436320754716981	0.431059506531205	0.42722371967655	0.432704402515723	0.430424528301887	

MAP:	0.422695538960183

NDCG:	0.415094339622642	0.410377358490566	0.415039535225447	0.412943550657006	0.397840765018559	0.39292901890154	0.38486048959643	0.381468405837452	0.380533607410595	0.383227160871828	0.384581350906869	0.38408542736944	0.38402506206327	0.384326569616738	0.387939317022873	0.388733013667431	